MEMORY
  total           14695 KB
  struct            159 KB
  buffer            200 KB
  arena           14336 KB, used 0.7%

SIZES
  narena                14680064
  nbuffer               204720
  nplugin               0
  maxuse_stack          10108
  maxuse_arena          96092
  maxuse_con            37
  maxuse_efc            157
  ncon                  13
  ne                    1
  nf                    8
  nl                    0
  nefc                  61
  nJ                    488
  nA                    0
  nisland               1
  nidof                 8
  ntree_awake           1
  nbody_awake           17
  nparent_awake         16
  nv_awake              8
  threadpool            0

TIMER
    0:  duration =  0.32       number = 10
    1:  duration =  0.28       number = 9
    2:  duration =  0          number = 0
    3:  duration =  0.27       number = 10
    4:  duration =  0.0066     number = 10
    5:  duration =  0.0015     number = 10
    6:  duration =  0.036      number = 10
    7:  duration =  0.0045     number = 10
    8:  duration =  0.02       number = 10
    9:  duration =  0.0022     number = 10
    10:  duration =  0.22       number = 10
    11:  duration =  0.028      number = 10
    12:  duration =  0.00027    number = 10
    13:  duration =  0.023      number = 10
    14:  duration =  0.18       number = 10

SOLVER STAT
  solver_fwdinv =   0         0       
  ISLAND 0
    solver_niter = 1
    solver_nnz = 64
      0:  improvement =  22          gradient =  3.9e-14     lineslope =  0       
          nactive = 61   nchange = 0   neval = 2   nupdate = 0

ENERGY =   0         0       

TIME =  12      

QPOS
   1.5     
   1.3     
   0.71    
  -0.28    
  -0.51    
  -1.7     
   0.012   
   0.012   

QVEL
   0.022   
   0.0088  
  -0.0049  
   0.023   
   0.0086  
  -0.42    
  -0.00025 
   5.2e-05 

QACC_WARMSTART
   26      
   2.2     
   2       
   1.3     
   47      
   14      
   0.0086  
  -0.012   

CTRL
   0.46    
   1.2     
   0.87    
  -0.21    
  -0.54    
  -1.7     
   0.012   

QFRC_APPLIED
   0       
   0       
   0       
   0       
   0       
   0       
   0       
   0       

XFRC_APPLIED
   0         0         0         0         0         0       
   0         0         0         0         0         0       
   0         0         0         0         0         0       
   0         0         0         0         0         0       
   0         0         0         0         0         0       
   0         0         0         0         0         0       
   0         0         0         0         0         0       
   0         0         0         0         0         0       
   0         0         0         0         0         0       
   0         0         0         0         0         0       
   0         0         0         0         0         0       
   0         0         0         0         0         0       
   0         0         0         0         0         0       
   0         0         0         0         0         0       
   0         0         0         0         0         0       
   0         0         0         0         0         0       
   0         0         0         0         0         0       

EQ_ACTIVE             1

QACC
   26      
   2.2     
   2       
   1.3     
   47      
   14      
   0.0086  
  -0.012   

TREE_ASLEEP
  -11

XPOS
   0         0         0       
   0         0         0       
   0         0         0.057   
  -0.02      0.0022    0.1     
   0.046    -0.0052    0.36    
  -0.19      0.021     0.27    
  -0.27      0.03      0.25    
  -0.25      0.014     0.2     
  -0.33     -0.022     0.16    
  -0.27     -0.023     0.12    
  -0.33     -0.019     0.11    
   0         0.05      0.04    
  -0.06      0.02      0.06    
   0.06      0.02      0.06    
  -0.06      0.1       0.06    
   0.06      0.1       0.06    
   0         0.25      0.04    

XQUAT
   1         0         0         0       
   0.71      0         0         0.71    
   0.056     0         0         1       
   0.045    -0.61      0.034     0.79    
   0.054    -0.3       0.017     0.95    
   0.051    -0.43      0.024     0.9     
  -0.18     -0.41      0.13      0.89    
  -0.42     -0.15     -0.56      0.7     
  -0.42     -0.15     -0.56      0.7     
  -0.42     -0.15     -0.56      0.7     
  -0.79     -0.5      -0.29      0.19    
   1         0         0         0       
   1         0         0         0       
   1         0         0         0       
   1         0         0         0       
   1         0         0         0       
   1         0         0         0       

XMAT
   1         0         0         0         1         0         0         0         1       
  -3.7e-06  -1         0         1        -3.7e-06   0         0         0         1       
  -0.99     -0.11      0         0.11     -0.99      0         0         0         1       
  -0.25     -0.11     -0.96      0.028    -0.99      0.11     -0.97      0         0.25    
  -0.82     -0.11     -0.57      0.092    -0.99      0.064    -0.57      0         0.82    
  -0.63     -0.11     -0.77      0.071    -0.99      0.087    -0.78      0         0.63    
  -0.6       0.21     -0.77     -0.42     -0.9       0.087    -0.68      0.38      0.63    
  -0.6       0.75      0.27     -0.42     -0.011    -0.91     -0.68     -0.66      0.32    
  -0.6       0.75      0.27     -0.42     -0.011    -0.91     -0.68     -0.66      0.32    
  -0.6       0.75      0.27     -0.42     -0.011    -0.91     -0.68     -0.66      0.32    
   0.75      0.6       0.27     -0.011     0.42     -0.91     -0.66      0.68      0.32    
   1         0         0         0         1         0         0         0         1       
   1         0         0         0         1         0         0         0         1       
   1         0         0         0         1         0         0         0         1       
   1         0         0         0         1         0         0         0         1       
   1         0         0         0         1         0         0         0         1       
   1         0         0         0         1         0         0         0         1       

XIPOS
   0         0         0       
   5.2e-05  -0.00014   0.032   
  -8.2e-05  -0.0017    0.078   
   0.013     0.0015    0.23    
  -0.13      0.016     0.3     
  -0.27      0.03      0.26    
  -0.23      0.025     0.22    
  -0.27     -0.014     0.17    
  -0.32     -0.025     0.16    
  -0.28     -0.02      0.12    
  -0.31     -0.064     0.13    
   0.00087   0.05      0.057   
  -0.06      0.02      0.089   
   0.06      0.02      0.089   
  -0.06      0.1       0.089   
   0.06      0.1       0.089   
   0.0015    0.25      0.12    

XIMAT
   1         0         0         0         1         0         0         0         1       
  -0.0033    0.0039   -1         0.022     1         0.0039    1        -0.022    -0.0034  
   0.61      0.78      0.13     -0.07     -0.11      0.99      0.79     -0.62     -0.015   
  -0.96      0.12     -0.25      0.11      0.99      0.028     0.25     -0.001    -0.97    
  -0.48      0.12     -0.87      0.043     0.99      0.12      0.88      0.019    -0.48    
  -0.072    -0.13     -0.99     -0.13     -0.98      0.14     -0.99      0.14      0.053   
   0.21     -0.78     -0.59     -0.9       0.083    -0.43      0.38      0.62     -0.68    
   0.55      0.34     -0.76     -0.38      0.92      0.14      0.74      0.21      0.64    
  -0.42     -0.88     -0.22     -0.84      0.47     -0.28      0.35      0.067    -0.94    
   0.088    -0.61     -0.79     -0.73      0.5      -0.47      0.68      0.61     -0.4     
   0.75      0.6       0.27     -0.011     0.42     -0.91     -0.66      0.68      0.32    
  -0.014    -1        -0.0028   -0.00025   0.0028   -1         1        -0.014    -0.00029 
  -0.016    -0.73     -0.69     -0.0074    0.69     -0.73      1        -0.0063   -0.016   
  -0.016    -0.73     -0.69     -0.0074    0.69     -0.73      1        -0.0063   -0.016   
  -0.016    -0.73     -0.69     -0.0074    0.69     -0.73      1        -0.0063   -0.016   
  -0.016    -0.73     -0.69     -0.0074    0.69     -0.73      1        -0.0063   -0.016   
  -0.016    -0.74     -0.67     -0.0043    0.67     -0.74      1        -0.0092   -0.014   

XANCHOR
   0         0         0.057   
  -0.02      0.0022    0.1     
   0.046    -0.0052    0.36    
  -0.19      0.021     0.27    
  -0.27      0.03      0.25    
  -0.25      0.014     0.2     
  -0.32     -0.023     0.15    
  -0.28     -0.023     0.12    

XAXIS
   0         0         1       
  -0.11     -0.99      0       
   0.11      0.99      0       
   0.11      0.99      0       
   0.77     -0.087    -0.63    
  -0.6      -0.42     -0.68    
  -0.75      0.011     0.66    
   0.75     -0.011    -0.66    

GEOM_XPOS
   0         0         0       
   0         0         0.02    
  -4e-09     0.0011    0.027   
   0         0         0.032   
  -0.0043   -0.00056   0.082   
   0.01     -0.0011    0.23    
  -0.02      0.0022    0.1     
   0.013    -0.0015    0.23    
  -0.099     0.011     0.32    
   0.046    -0.0052    0.36    
  -0.094     0.011     0.33    
  -0.25      0.028     0.27    
  -0.19      0.021     0.27    
  -0.23      0.027     0.22    
  -0.29      0.033     0.26    
  -0.28     -0.0082    0.16    
  -0.25      0.014     0.2     
  -0.29     -0.015     0.15    
  -0.26     -0.052     0.18    
  -0.26     -0.06      0.18    
  -0.26     -0.06      0.18    
  -0.31     -0.024     0.16    
  -0.33     -0.029     0.14    
  -0.33     -0.038     0.13    
  -0.33     -0.026     0.13    
  -0.35     -0.048     0.1     
  -0.28     -0.013     0.13    
  -0.29     -0.03      0.11    
  -0.3      -0.038     0.11    
  -0.3      -0.026     0.1     
  -0.33     -0.048     0.086   
  -0.29     -0.073     0.12    
  -0.29     -0.073     0.12    
   0.00026   0.05      0.058   
  -0.0037   -0.097     0.065   
   0.0017    0.13      0.048   
  -0.015    -0.071     0.052   
   0.017    -0.013     0.048   
  -0.027     0.068     0.048   
  -0.075     0.091     0.063   
   0.055     0.045     0.051   
   0.0051    0.18      0.052   
   0.074     0.042     0.066   
   0.062    -0.076     0.059   
   0.016     0.09      0.048   
  -0.069     0.19      0.063   
  -0.006     0.047     0.048   
  -0.0088    0.16      0.048   
  -0.0053    0.2       0.066   
  -0.077    -0.036     0.067   
   0.061     0.19      0.062   
  -0.011    -0.085     0.059   
  -0.065    -0.031     0.054   
  -0.027    -0.028     0.047   
   0.065     0.062     0.059   
  -0.028     0.053     0.052   
  -0.062     0.085     0.053   
   0.025     0.034     0.048   
   0.0016   -0.035     0.048   
  -0.042     0.035     0.049   
  -0.049     0.19      0.057   
  -0.069    -0.029     0.062   
  -0.051     0.056     0.049   
  -0.0061   -0.055     0.048   
   0.037    -0.021     0.048   
   0.037     0.11      0.048   
  -0.06      0.02      0.089   
  -0.077    -0.016     0.086   
  -0.029     0.022     0.069   
  -0.065     0.057     0.068   
  -0.059     0.045     0.077   
  -0.11      0.022     0.099   
  -0.058     0.07      0.1     
  -0.08      0.027     0.07    
  -0.024     0.052     0.092   
  -0.096     0.024     0.076   
  -0.036     0.022     0.1     
  -0.041    -0.017     0.09    
  -0.078     0.06      0.091   
  -0.081    -0.02      0.11    
  -0.012     0.02      0.1     
  -0.094     0.002     0.1     
  -0.038     0.059     0.089   
  -0.08      0.03      0.1     
  -0.073     0.0014    0.088   
  -0.087    -0.0078    0.064   
  -0.071    -0.0094    0.1     
  -0.093     0.055     0.1     
  -0.064    -0.012     0.068   
  -0.058     0.061     0.081   
  -0.06     -0.021     0.064   
  -0.02      0.026     0.082   
  -0.037     0.024     0.076   
  -0.028     0.0021    0.082   
  -0.051     0.016     0.076   
  -0.057     0.06      0.099   
  -0.065     0.024     0.077   
  -0.079     0.024     0.082   
  -0.094     0.00041   0.094   
   0.06      0.02      0.089   
   0.043    -0.016     0.086   
   0.091     0.022     0.069   
   0.055     0.057     0.068   
   0.061     0.045     0.077   
   0.013     0.022     0.099   
   0.062     0.07      0.1     
   0.04      0.027     0.07    
   0.096     0.052     0.092   
   0.024     0.024     0.076   
   0.084     0.022     0.1     
   0.079    -0.017     0.09    
   0.042     0.06      0.091   
   0.039    -0.02      0.11    
   0.11      0.02      0.1     
   0.026     0.002     0.1     
   0.082     0.059     0.089   
   0.04      0.03      0.1     
   0.047     0.0014    0.088   
   0.033    -0.0078    0.064   
   0.049    -0.0094    0.1     
   0.027     0.055     0.1     
   0.056    -0.012     0.068   
   0.062     0.061     0.081   
   0.06     -0.021     0.064   
   0.1       0.026     0.082   
   0.083     0.024     0.076   
   0.092     0.0021    0.082   
   0.069     0.016     0.076   
   0.063     0.06      0.099   
   0.055     0.024     0.077   
   0.041     0.024     0.082   
   0.026     0.00041   0.094   
  -0.06      0.1       0.089   
  -0.077     0.064     0.086   
  -0.029     0.1       0.069   
  -0.065     0.14      0.068   
  -0.059     0.12      0.077   
  -0.11      0.1       0.099   
  -0.058     0.15      0.1     
  -0.08      0.11      0.07    
  -0.024     0.13      0.092   
  -0.096     0.1       0.076   
  -0.036     0.1       0.1     
  -0.041     0.063     0.09    
  -0.078     0.14      0.091   
  -0.081     0.06      0.11    
  -0.012     0.1       0.1     
  -0.094     0.082     0.1     
  -0.038     0.14      0.089   
  -0.08      0.11      0.1     
  -0.073     0.081     0.088   
  -0.087     0.072     0.064   
  -0.071     0.071     0.1     
  -0.093     0.13      0.1     
  -0.064     0.068     0.068   
  -0.058     0.14      0.081   
  -0.06      0.059     0.064   
  -0.02      0.11      0.082   
  -0.037     0.1       0.076   
  -0.028     0.082     0.082   
  -0.051     0.096     0.076   
  -0.057     0.14      0.099   
  -0.065     0.1       0.077   
  -0.079     0.1       0.082   
  -0.094     0.08      0.094   
   0.06      0.1       0.089   
   0.043     0.064     0.086   
   0.091     0.1       0.069   
   0.055     0.14      0.068   
   0.061     0.12      0.077   
   0.013     0.1       0.099   
   0.062     0.15      0.1     
   0.04      0.11      0.07    
   0.096     0.13      0.092   
   0.024     0.1       0.076   
   0.084     0.1       0.1     
   0.079     0.063     0.09    
   0.042     0.14      0.091   
   0.039     0.06      0.11    
   0.11      0.1       0.1     
   0.026     0.082     0.1     
   0.082     0.14      0.089   
   0.04      0.11      0.1     
   0.047     0.081     0.088   
   0.033     0.072     0.064   
   0.049     0.071     0.1     
   0.027     0.13      0.1     
   0.056     0.068     0.068   
   0.062     0.14      0.081   
   0.06      0.059     0.064   
   0.1       0.11      0.082   
   0.083     0.1       0.076   
   0.092     0.082     0.082   
   0.069     0.096     0.076   
   0.063     0.14      0.099   
   0.055     0.1       0.077   
   0.041     0.1       0.082   
   0.026     0.08      0.094   
   0.0014    0.25      0.12    
  -0.064     0.17      0.1     
   0.021     0.24      0.046   
   0.11      0.19      0.14    
   0.07      0.19      0.08    
  -0.088     0.23      0.076   
   0.13      0.26      0.17    
  -0.01      0.32      0.058   
   0.058     0.37      0.17    
   0.1       0.25      0.096   
   0.11      0.32      0.16    
   0.00083   0.12      0.16    
   0.0051    0.37      0.14    
  -0.026     0.36      0.1     
  -0.049     0.22      0.046   
   0.066     0.14      0.17    
  -0.11      0.25      0.12    
  -0.13      0.24      0.17    
   0.016     0.14      0.1     
  -0.024     0.38      0.18    
  -0.074     0.35      0.15    
  -0.11      0.3       0.16    
  -0.1       0.17      0.17    
   0.06      0.29      0.056   
   0.042     0.34      0.084   
  -0.055     0.29      0.051   
   0.0012    0.17      0.056   
  -0.052     0.13      0.17    
  -0.07      0.33      0.094   
  -0.1       0.33      0.18    
  -0.082     0.26      0.062   
   0.092     0.31      0.099   
  -0.095     0.29      0.09    

GEOM_XMAT
   1         0         0         0         1         0         0         0         1       
   1         0         0         0         1         0         0         0         1       
  -1         3.5e-06   1.2e-06  -3.7e-06  -0.94     -0.34     -5e-18    -0.34      0.94    
  -3.7e-06  -1         0         1        -3.7e-06   0         0         0         1       
  -0.71     -0.7       0.12      0.083     0.087     0.99     -0.7       0.71     -0.0038  
  -0.96      0.11     -0.27      0.11      0.99      0.03      0.27     -6.3e-05  -0.96    
  -0.25     -0.96      0.11      0.028     0.11      0.99     -0.97      0.25     -1.1e-16 
  -0.25     -0.11     -0.96      0.028    -0.99      0.11     -0.97      0         0.25    
  -0.44      0.11     -0.89      0.05      0.99      0.1       0.9      -0.00025  -0.44    
  -0.82     -0.57      0.11      0.092     0.064     0.99     -0.57      0.82      1.1e-16 
  -0.82     -0.11     -0.57      0.092    -0.99      0.064    -0.57      0         0.82    
   0.047    -0.15     -0.99     -0.0081   -0.99      0.15     -1         0.001    -0.048   
  -0.63     -0.77      0.11      0.071     0.087     0.99     -0.78      0.63     -1.1e-16 
   0.21      0.32     -0.93     -0.9       0.43     -0.056     0.38      0.85      0.38    
  -0.6       0.21     -0.77     -0.42     -0.9       0.087    -0.68      0.38      0.63    
   0.27      0.6      -0.75     -0.91      0.42      0.013     0.32      0.68      0.66    
  -0.27      0.75     -0.6       0.91     -0.011    -0.42     -0.32     -0.66     -0.68    
  -0.6       0.75      0.27     -0.42     -0.011    -0.91     -0.68     -0.66      0.32    
  -0.58     -0.41     -0.71     -0.044    -0.85      0.53     -0.82      0.34      0.47    
  -0.66      0.75      0.049    -0.087    -0.011    -1        -0.75     -0.66      0.073   
  -0.66      0.75      0.049    -0.087    -0.011    -1        -0.75     -0.66      0.073   
  -0.42      0.28     -0.86     -0.62     -0.78      0.051    -0.66      0.56      0.51    
   0.93      0.25     -0.28      0.13     -0.92     -0.37     -0.35      0.31     -0.89    
  -0.54      0.82      0.16     -0.23      0.04     -0.97     -0.81     -0.56      0.16    
  -0.38      0.82      0.42     -0.7       0.04     -0.71     -0.61     -0.56      0.56    
  -0.6       0.75      0.27     -0.42     -0.011    -0.91     -0.68     -0.66      0.32    
  -0.74      0.019    -0.68     -0.19     -0.97      0.18     -0.65      0.26      0.71    
   0.46      0.26     -0.85     -0.15     -0.92     -0.36     -0.87      0.3      -0.39    
  -0.74      0.66      0.13     -0.22     -0.062    -0.97     -0.64     -0.74      0.19    
  -0.56      0.66      0.49     -0.7      -0.062    -0.72     -0.44     -0.74      0.5     
  -0.6       0.75      0.27     -0.42     -0.011    -0.91     -0.68     -0.66      0.32    
   0.61     -0.75      0.25      0.39      0.011    -0.92      0.69      0.66      0.3     
   0.61     -0.75      0.25      0.39      0.011    -0.92      0.69      0.66      0.3     
  -0.016    -1        -0.00094  -0.0018    0.00097  -1         1        -0.016    -0.0018  
  -0.0021   -0.0041    1         0.6      -0.8      -0.002     0.8       0.6       0.0041  
  -0.013    -0.11      0.99     -0.0055   -0.99     -0.11      1        -0.0068    0.012   
   0.039     0.036     1         0.7      -0.71     -0.0016    0.71      0.7      -0.053   
  -0.021    -1         0.091     0.00091  -0.091    -1         1        -0.02      0.0028  
   0.033    -1         0.0057   -0.0031   -0.0058   -1         1         0.033    -0.0033  
   0.72     -0.69      0.012     0.0018   -0.016    -1         0.69      0.72     -0.01    
  -0.45     -0.89     -0.00022   0.0036   -0.0016   -1         0.89     -0.45      0.0039  
  -0.015    -0.037     1        -0.56     -0.83     -0.039     0.83     -0.56     -0.0084  
   0.83      0.55     -0.0071   -0.007    -0.0024   -1        -0.55      0.83      0.0019  
  -0.44     -0.9       0.045     0.16     -0.13     -0.98      0.88     -0.42      0.2     
  -0.0076   -1        -0.052     0.0056    0.052    -1         1        -0.0079    0.0052  
   0.43     -0.89      0.14     -0.32     -0.29     -0.9       0.85      0.35     -0.41    
   0.0071   -1         0.0028   -0.0013   -0.0029   -1         1         0.0071   -0.0013  
  -0.012    -0.03      1         0.0083   -1        -0.03      1         0.0079    0.013   
  -0.014    -0.0063    1        -0.53     -0.85     -0.013     0.85     -0.53      0.0082  
   0.37     -0.93      0.014     0.015    -0.0091   -1         0.93      0.37      0.01    
  -0.26     -0.81     -0.53     -0.49      0.58     -0.64      0.83      0.097    -0.55    
   0.015     0.019     1         0.89     -0.46     -0.0048    0.46      0.89     -0.024   
   0.6      -0.8      -0.0038   -0.0011    0.004    -1         0.8       0.6       0.0015  
   0.051    -1        -0.0024    0.011     0.0029   -1         1         0.051     0.011   
  -0.47     -0.88      0.00094   0.001    -0.0016   -1         0.88     -0.47      0.0017  
   5.6e-17  -1        -0.041     0         0.041    -1         1         0         0       
   0.84     -0.55     -0.00028  -0.00093  -0.0009   -1         0.55      0.84     -0.0013  
  -0.019     0.21      0.98     -0.014    -0.98      0.21      1        -0.0099    0.021   
   0.00017  -0.023     1         0.0075   -1        -0.023     1         0.0075    5.6e-17 
   1         0.018    -0.00039  -0.00054   0.0089   -1        -0.018     1         0.0089  
   0.085    -0.99      0.093    -0.66     -0.13     -0.74      0.75      0.0016   -0.66    
   1         0         0.0086    0.0086    0        -1         0         1         0       
   0.81     -0.58     -0.0053   -0.0065   -2.7e-06  -1         0.58      0.81     -0.0038  
  -0.01     -0.00073   1         0.017    -1        -0.00055   1         0.017     0.01    
  -0.017    -1         0.0057    0.0052   -0.0058   -1         1        -0.017     0.0053  
  -0.022    -1        -0.0017    0.0015    0.0017   -1         1        -0.022     0.0015  
  -0.018    -0.93     -0.38     -0.0039    0.38     -0.93      1        -0.015    -0.01    
   0.29      0.38      0.88      0.94     -0.3      -0.18      0.19      0.87     -0.45    
  -0.03     -1         0.051     0.0067   -0.051    -1         1        -0.029     0.0082  
   0.017     0.17      0.99     -0.27     -0.95      0.17      0.96     -0.27      0.029   
  -0.0012   -0.033     1         1        -0.036     0         0.036     1         0.033   
   1        -0.072    -0.027    -0.037    -0.13     -0.99      0.068     0.99     -0.14    
   0.007     0.014     1         1        -0.022    -0.0066    0.022     1        -0.014   
  -0.26     -0.97      0.046     0.022    -0.054    -1         0.97     -0.25      0.035   
   0.76     -0.64      0.077     0.63      0.76      0.12     -0.14     -0.043     0.99    
   0.95     -0.29     -0.07     -0.072     0.0056   -1         0.29      0.96     -0.016   
   0.012    -0.99      0.12     -0.012    -0.12     -0.99      1         0.011    -0.013   
  -0.34     -0.92      0.2       0.93     -0.36     -0.056     0.12      0.17      0.98    
   0.89      0.45     -0.033    -0.44      0.9       0.027     0.042    -0.0091    1       
  -0.011    -0.41      0.91      0.0049   -0.91     -0.41      1         1.1e-16   0.012   
   0.99      0.11     -0.019    -0.021     0.02     -1        -0.11      0.99      0.022   
  -0.044     0.045     1        -0.23     -0.97      0.034     0.97     -0.22      0.053   
   0.87     -0.49      0.037     0.49      0.87      0.069    -0.066    -0.041     1       
  -0.031    -0.99     -0.15     -0.0012    0.15     -0.99      1        -0.03     -0.0058  
  -0.029    -1         0.033     1        -0.028     0.03     -0.029     0.034     1       
   0.13     -0.75      0.65      0.17     -0.63     -0.76      0.98      0.2       0.047   
  -0.015    -0.095     1         0.97      0.22      0.035    -0.22      0.97      0.089   
  -0.68     -0.73     -0.076     0.72     -0.69      0.11     -0.13      0.023     0.99    
   0.041     0.064     1        -0.28     -0.96      0.073     0.96     -0.28     -0.022   
  -0.0074   -0.027     1        -0.1      -0.99     -0.028     0.99     -0.1       0.0047  
   0         0         1         0.41     -0.91      0         0.91      0.41      0       
  -0.058    -0.99      0.091    -0.0053   -0.091    -1         1        -0.058    -1.1e-16 
   1        -0.022     0.0028    0.0029    0.0065   -1         0.022     1         0.0065  
  -0.028     0.085     1         0.054    -0.99      0.086     1         0.056     0.023   
   1        -0.0085    8.7e-19  -0.00012  -0.015    -1         0.0085    1        -0.015   
   0.011    -1.1e-16   1         0.99     -0.16     -0.011     0.16      0.99     -0.0018  
   1         0.0086    4.4e-05   0         0.0051   -1        -0.0086    1         0.0051  
   0        -1         0         0         0        -1         1         0         0       
  -0.019    -0.83     -0.56     -0.027     0.56     -0.83      1        -5.6e-17  -0.033   
  -0.018    -0.93     -0.38     -0.0039    0.38     -0.93      1        -0.015    -0.01    
   0.29      0.38      0.88      0.94     -0.3      -0.18      0.19      0.87     -0.45    
  -0.03     -1         0.051     0.0067   -0.051    -1         1        -0.029     0.0082  
   0.017     0.17      0.99     -0.27     -0.95      0.17      0.96     -0.27      0.029   
  -0.0012   -0.033     1         1        -0.036     0         0.036     1         0.033   
   1        -0.072    -0.027    -0.037    -0.13     -0.99      0.068     0.99     -0.14    
   0.007     0.014     1         1        -0.022    -0.0066    0.022     1        -0.014   
  -0.26     -0.97      0.046     0.022    -0.054    -1         0.97     -0.25      0.035   
   0.76     -0.64      0.077     0.63      0.76      0.12     -0.14     -0.043     0.99    
   0.95     -0.29     -0.07     -0.072     0.0056   -1         0.29      0.96     -0.016   
   0.012    -0.99      0.12     -0.012    -0.12     -0.99      1         0.011    -0.013   
  -0.34     -0.92      0.2       0.93     -0.36     -0.056     0.12      0.17      0.98    
   0.89      0.45     -0.033    -0.44      0.9       0.027     0.042    -0.0091    1       
  -0.011    -0.41      0.91      0.0049   -0.91     -0.41      1         1.1e-16   0.012   
   0.99      0.11     -0.019    -0.021     0.02     -1        -0.11      0.99      0.022   
  -0.044     0.045     1        -0.23     -0.97      0.034     0.97     -0.22      0.053   
   0.87     -0.49      0.037     0.49      0.87      0.069    -0.066    -0.041     1       
  -0.031    -0.99     -0.15     -0.0012    0.15     -0.99      1        -0.03     -0.0058  
  -0.029    -1         0.033     1        -0.028     0.03     -0.029     0.034     1       
   0.13     -0.75      0.65      0.17     -0.63     -0.76      0.98      0.2       0.047   
  -0.015    -0.095     1         0.97      0.22      0.035    -0.22      0.97      0.089   
  -0.68     -0.73     -0.076     0.72     -0.69      0.11     -0.13      0.023     0.99    
   0.041     0.064     1        -0.28     -0.96      0.073     0.96     -0.28     -0.022   
  -0.0074   -0.027     1        -0.1      -0.99     -0.028     0.99     -0.1       0.0047  
   0         0         1         0.41     -0.91      0         0.91      0.41      0       
  -0.058    -0.99      0.091    -0.0053   -0.091    -1         1        -0.058    -1.1e-16 
   1        -0.022     0.0028    0.0029    0.0065   -1         0.022     1         0.0065  
  -0.028     0.085     1         0.054    -0.99      0.086     1         0.056     0.023   
   1        -0.0085    8.7e-19  -0.00012  -0.015    -1         0.0085    1        -0.015   
   0.011    -1.1e-16   1         0.99     -0.16     -0.011     0.16      0.99     -0.0018  
   1         0.0086    4.4e-05   0         0.0051   -1        -0.0086    1         0.0051  
   0        -1         0         0         0        -1         1         0         0       
  -0.019    -0.83     -0.56     -0.027     0.56     -0.83      1        -5.6e-17  -0.033   
  -0.018    -0.93     -0.38     -0.0039    0.38     -0.93      1        -0.015    -0.01    
   0.29      0.38      0.88      0.94     -0.3      -0.18      0.19      0.87     -0.45    
  -0.03     -1         0.051     0.0067   -0.051    -1         1        -0.029     0.0082  
   0.017     0.17      0.99     -0.27     -0.95      0.17      0.96     -0.27      0.029   
  -0.0012   -0.033     1         1        -0.036     0         0.036     1         0.033   
   1        -0.072    -0.027    -0.037    -0.13     -0.99      0.068     0.99     -0.14    
   0.007     0.014     1         1        -0.022    -0.0066    0.022     1        -0.014   
  -0.26     -0.97      0.046     0.022    -0.054    -1         0.97     -0.25      0.035   
   0.76     -0.64      0.077     0.63      0.76      0.12     -0.14     -0.043     0.99    
   0.95     -0.29     -0.07     -0.072     0.0056   -1         0.29      0.96     -0.016   
   0.012    -0.99      0.12     -0.012    -0.12     -0.99      1         0.011    -0.013   
  -0.34     -0.92      0.2       0.93     -0.36     -0.056     0.12      0.17      0.98    
   0.89      0.45     -0.033    -0.44      0.9       0.027     0.042    -0.0091    1       
  -0.011    -0.41      0.91      0.0049   -0.91     -0.41      1         1.1e-16   0.012   
   0.99      0.11     -0.019    -0.021     0.02     -1        -0.11      0.99      0.022   
  -0.044     0.045     1        -0.23     -0.97      0.034     0.97     -0.22      0.053   
   0.87     -0.49      0.037     0.49      0.87      0.069    -0.066    -0.041     1       
  -0.031    -0.99     -0.15     -0.0012    0.15     -0.99      1        -0.03     -0.0058  
  -0.029    -1         0.033     1        -0.028     0.03     -0.029     0.034     1       
   0.13     -0.75      0.65      0.17     -0.63     -0.76      0.98      0.2       0.047   
  -0.015    -0.095     1         0.97      0.22      0.035    -0.22      0.97      0.089   
  -0.68     -0.73     -0.076     0.72     -0.69      0.11     -0.13      0.023     0.99    
   0.041     0.064     1        -0.28     -0.96      0.073     0.96     -0.28     -0.022   
  -0.0074   -0.027     1        -0.1      -0.99     -0.028     0.99     -0.1       0.0047  
   0         0         1         0.41     -0.91      0         0.91      0.41      0       
  -0.058    -0.99      0.091    -0.0053   -0.091    -1         1        -0.058    -1.1e-16 
   1        -0.022     0.0028    0.0029    0.0065   -1         0.022     1         0.0065  
  -0.028     0.085     1         0.054    -0.99      0.086     1         0.056     0.023   
   1        -0.0085    8.7e-19  -0.00012  -0.015    -1         0.0085    1        -0.015   
   0.011    -1.1e-16   1         0.99     -0.16     -0.011     0.16      0.99     -0.0018  
   1         0.0086    4.4e-05   0         0.0051   -1        -0.0086    1         0.0051  
   0        -1         0         0         0        -1         1         0         0       
  -0.019    -0.83     -0.56     -0.027     0.56     -0.83      1        -5.6e-17  -0.033   
  -0.018    -0.93     -0.38     -0.0039    0.38     -0.93      1        -0.015    -0.01    
   0.29      0.38      0.88      0.94     -0.3      -0.18      0.19      0.87     -0.45    
  -0.03     -1         0.051     0.0067   -0.051    -1         1        -0.029     0.0082  
   0.017     0.17      0.99     -0.27     -0.95      0.17      0.96     -0.27      0.029   
  -0.0012   -0.033     1         1        -0.036     0         0.036     1         0.033   
   1        -0.072    -0.027    -0.037    -0.13     -0.99      0.068     0.99     -0.14    
   0.007     0.014     1         1        -0.022    -0.0066    0.022     1        -0.014   
  -0.26     -0.97      0.046     0.022    -0.054    -1         0.97     -0.25      0.035   
   0.76     -0.64      0.077     0.63      0.76      0.12     -0.14     -0.043     0.99    
   0.95     -0.29     -0.07     -0.072     0.0056   -1         0.29      0.96     -0.016   
   0.012    -0.99      0.12     -0.012    -0.12     -0.99      1         0.011    -0.013   
  -0.34     -0.92      0.2       0.93     -0.36     -0.056     0.12      0.17      0.98    
   0.89      0.45     -0.033    -0.44      0.9       0.027     0.042    -0.0091    1       
  -0.011    -0.41      0.91      0.0049   -0.91     -0.41      1         1.1e-16   0.012   
   0.99      0.11     -0.019    -0.021     0.02     -1        -0.11      0.99      0.022   
  -0.044     0.045     1        -0.23     -0.97      0.034     0.97     -0.22      0.053   
   0.87     -0.49      0.037     0.49      0.87      0.069    -0.066    -0.041     1       
  -0.031    -0.99     -0.15     -0.0012    0.15     -0.99      1        -0.03     -0.0058  
  -0.029    -1         0.033     1        -0.028     0.03     -0.029     0.034     1       
   0.13     -0.75      0.65      0.17     -0.63     -0.76      0.98      0.2       0.047   
  -0.015    -0.095     1         0.97      0.22      0.035    -0.22      0.97      0.089   
  -0.68     -0.73     -0.076     0.72     -0.69      0.11     -0.13      0.023     0.99    
   0.041     0.064     1        -0.28     -0.96      0.073     0.96     -0.28     -0.022   
  -0.0074   -0.027     1        -0.1      -0.99     -0.028     0.99     -0.1       0.0047  
   0         0         1         0.41     -0.91      0         0.91      0.41      0       
  -0.058    -0.99      0.091    -0.0053   -0.091    -1         1        -0.058    -1.1e-16 
   1        -0.022     0.0028    0.0029    0.0065   -1         0.022     1         0.0065  
  -0.028     0.085     1         0.054    -0.99      0.086     1         0.056     0.023   
   1        -0.0085    8.7e-19  -0.00012  -0.015    -1         0.0085    1        -0.015   
   0.011    -1.1e-16   1         0.99     -0.16     -0.011     0.16      0.99     -0.0018  
   1         0.0086    4.4e-05   0         0.0051   -1        -0.0086    1         0.0051  
   0        -1         0         0         0        -1         1         0         0       
  -0.019    -0.83     -0.56     -0.027     0.56     -0.83      1        -5.6e-17  -0.033   
  -0.016    -1         0.089    -0.00078  -0.089    -1         1        -0.016     0.00066 
   0.59     -0.39     -0.71      0.7       0.69      0.2       0.41     -0.61      0.68    
  -0.032    -0.45      0.89      0.00041  -0.89     -0.45      1        -0.014     0.029   
   0.84      0.48      0.23     -0.44      0.87     -0.21     -0.3       0.077     0.95    
  -0.63     -0.77      0.1       0.56     -0.54     -0.63      0.54     -0.34      0.77    
   0.81      0.29     -0.52      0.16      0.73      0.66      0.57     -0.62      0.54    
   0.97      0.24      0.11      0.058     0.21     -0.98     -0.25      0.95      0.19    
   0.077    -0.24      0.97     -0.63     -0.76     -0.14      0.77     -0.6      -0.21    
   0.43     -0.9      -0.063     0.87      0.39      0.3      -0.25     -0.18      0.95    
   0.89     -0.034     0.45      0.019     1         0.039    -0.45     -0.026     0.89    
   0.82     -0.11      0.56      0.51      0.59     -0.63     -0.26      0.8       0.54    
   0.0014   -0.15      0.99      0.95     -0.3      -0.048     0.31      0.94      0.15    
   0.026     0.39      0.92      0.95      0.27     -0.14     -0.3       0.88     -0.36    
  -0.22     -0.76     -0.61      0.88     -0.42      0.2      -0.41     -0.5       0.76    
   0.2      -0.88      0.43      0.1      -0.42     -0.9       0.97      0.22      0.0091  
  -0.49      0.53      0.69      0.84      0.064     0.54      0.25      0.84     -0.48    
   0.91     -0.41     -0.011    -0.039    -0.058    -1         0.41      0.91     -0.069   
   0.97     -0.24      0.096     0.08     -0.077    -0.99      0.25      0.97     -0.055   
  -0.12      0.16      0.98      0.91     -0.38      0.18      0.4       0.91     -0.1     
  -0.18     -0.042     0.98      0.94      0.3       0.19     -0.3       0.95     -0.016   
  -0.58     -0.49      0.65      0.77     -0.081     0.63     -0.25      0.87      0.42    
   0.86      0.15     -0.49     -0.42      0.75     -0.51      0.29      0.65      0.71    
   0.74     -0.3       0.6       0.61     -0.085    -0.79      0.29      0.95      0.12    
  -0.45     -0.027     0.89     -0.36     -0.91     -0.21      0.82     -0.42      0.4     
   0.37     -0.79      0.5       0.79      0.55      0.28     -0.49      0.29      0.82    
   0.38     -0.48      0.79     -0.29     -0.87     -0.39      0.88     -0.083    -0.47    
  -0.0035    0.023     1         0.64     -0.77      0.02      0.77      0.64     -0.012   
   0.39     -0.73      0.56      0.88      0.12     -0.45      0.26      0.67      0.69    
  -0.62     -0.72     -0.32      0.65     -0.7       0.31     -0.45     -0.021     0.89    
   0.75     -0.2      -0.63     -0.61      0.17     -0.77      0.27      0.96      0.0092  
   0.74     -0.67     -0.1      -0.1       0.044    -0.99      0.67      0.74     -0.034   
   0.79      0.57      0.21      0.47     -0.34     -0.81     -0.39      0.74     -0.54    
   0.82      0.39     -0.42     -0.35      0.92      0.18      0.46     -0.0038    0.89    

SITE_XPOS
  -0.26     -0.06      0.17    
  -0.19     -0.021    -0.0099  
  -0.21     -0.02      0.01    

SITE_XMAT
  -0.66      0.75      0.049    -0.087    -0.011    -1        -0.75     -0.66      0.073   
   0.75      0.6       0.27     -0.011     0.42     -0.91     -0.66      0.68      0.32    
   0.75      0.6       0.27     -0.011     0.42     -0.91     -0.66      0.68      0.32    

CAM_XPOS
   0.6       0.6       0.6     
   0.7       0         0.4     
   0         0.7       0.4     
   0        -0.5       0.6     
  -0.26     -0.06      0.17    

CAM_XMAT
  -0.71     -0.26      0.66      0.71     -0.26      0.66      0         0.93      0.37    
   0        -0.45      0.89      1         0         0         0         0.89      0.45    
  -1         0         0         0        -0.45      0.89      0         0.89      0.45    
   1         0         0         0         0.51     -0.86      0         0.86      0.51    
  -0.75      0.049     0.66      0.011    -1         0.087     0.66      0.073     0.75    

LIGHT_XPOS
   0         0         1.5     
   0.5       0.5       1       

LIGHT_XDIR
   0         0        -1       
  -0.41     -0.41     -0.82    

SUBTREE_COM
  -0.025     0.15      0.12    
  -0.13      0.0048    0.2     
  -0.14      0.0054    0.22    
  -0.15      0.0058    0.23    
  -0.23      0.0078    0.23    
  -0.27      0.0045    0.2     
  -0.27     -0.005     0.18    
  -0.28     -0.018     0.16    
  -0.32     -0.025     0.16    
  -0.28     -0.02      0.12    
  -0.31     -0.064     0.13    
   0.00087   0.05      0.057   
  -0.06      0.02      0.089   
   0.06      0.02      0.089   
  -0.06      0.1       0.089   
   0.06      0.1       0.089   
   0.0015    0.25      0.12    

CDOF
   0         0         1        -0.0048   -0.13      0       
  -0.11     -0.99      0        -0.098     0.011    -0.11    
   0.11      0.99      0        -0.16      0.018     0.17    
   0.11      0.99      0        -0.067     0.0075   -0.062   
   0.77     -0.087    -0.63     -0.012    -0.054    -0.0074  
  -0.6      -0.42     -0.68     -0.0082   -0.079     0.056   
   0         0         0        -0.75      0.011     0.66    
   0         0         0         0.75     -0.011    -0.66    

CINERT
   0         0         0         0         0         0         0         0         0         0       
   0.014     0.021     0.0077    0.00029   0.01     -0.00039   0.058    -0.0023   -0.078     0.46    
   0.0025    0.0049    0.0027    0.00011   0.0024   -0.00012   0.019    -0.001    -0.019     0.15    
   0.018     0.041     0.025     0.0006   -0.0088    0.00058   0.16     -0.0039    0.033     1.2     
   0.0088    0.012     0.0046    0.00054  -0.0017   -0.00048  -0.0038    0.0076    0.069     0.69    
   0.0022    0.012     0.01      0.0017    0.0039   -0.00069  -0.065     0.012     0.027     0.46    
   0.00045   0.0046    0.0046    0.00075   0.0005   -0.00014  -0.039     0.0072    0.0049    0.37    
   0.002     0.016     0.015    -0.0018   -0.0032   -0.00049  -0.098    -0.013    -0.023     0.67    
   0.00028   0.0033    0.0032   -0.00047  -0.00072  -0.00012  -0.016    -0.0024   -0.0037    0.081   
   0.00067   0.0025    0.002    -0.00032  -0.0011   -0.00018  -0.012    -0.0021   -0.0069    0.081   
   0.00037   0.0012    0.0012   -0.00037  -0.00043  -0.00015  -0.0055   -0.0021   -0.0023    0.03    
   0.016     0.0041    0.02     -3.4e-05  -5.6e-05  -4.6e-06   0         0         0         2.1     
   0.00077   0.00076   0.0012   -1.1e-05  -6.6e-06  -3.3e-06   6e-18    -3e-18     0         0.86    
   0.00077   0.00076   0.0012   -1.1e-05  -6.6e-06  -3.3e-06  -6e-18    -3e-18     0         0.86    
   0.00077   0.00076   0.0012   -1.1e-05  -6.6e-06  -3.3e-06   6e-18    -1.2e-17   0         0.86    
   0.00077   0.00076   0.0012   -1.1e-05  -6.6e-06  -3.3e-06  -6e-18    -1.2e-17   0         0.86    
   0.057     0.057     0.086    -0.00028  -0.00047  -0.00013   0         0         0         10      

ACTUATOR_LENGTH
   1.5     
   1.3     
   0.71    
  -0.28    
  -0.51    
  -1.7     
   0.012   

actuator_moment
----------
 x        |
  x       |
   x      |
    x     |
     x    |
      x   |
        x |
----------

ACTUATOR_MOMENT
     0:  1       
     1:  1       
     2:  1       
     3:  1       
     4:  1       
     5:  1       
     7:  1       

CRB
   0         0         0         0         0         0         0         0         0         0       
   0.049     0.12      0.076     0.001     0.00082  -0.0022    0        -2.2e-18   1.1e-16   4.1     
   0.035     0.097     0.069     0.00071  -0.0091   -0.0018   -0.058     0.0023    0.078     3.7     
   0.033     0.093     0.066     0.00059  -0.012    -0.0017   -0.078     0.0033    0.097     3.5     
   0.015     0.052     0.041    -7.8e-06  -0.0028   -0.0022   -0.24      0.0072    0.064     2.4     
   0.006     0.039     0.037    -0.00054  -0.001    -0.0018   -0.24     -0.00047  -0.0044    1.7     
   0.0038    0.028     0.026    -0.0022   -0.0049   -0.0011   -0.17     -0.012    -0.031     1.2     
   0.0033    0.023     0.022    -0.003    -0.0054   -0.00094  -0.13     -0.019    -0.036     0.86    
   0.00028   0.0033    0.0032   -0.00047  -0.00072  -0.00012  -0.016    -0.0024   -0.0037    0.081   
   0.00067   0.0025    0.002    -0.00032  -0.0011   -0.00018  -0.012    -0.0021   -0.0069    0.081   
   0.00037   0.0012    0.0012   -0.00037  -0.00043  -0.00015  -0.0055   -0.0021   -0.0023    0.03    
   0.016     0.0041    0.02     -3.4e-05  -5.6e-05  -4.6e-06   0         0         0         2.1     
   0.00077   0.00076   0.0012   -1.1e-05  -6.6e-06  -3.3e-06   6e-18    -3e-18     0         0.86    
   0.00077   0.00076   0.0012   -1.1e-05  -6.6e-06  -3.3e-06  -6e-18    -3e-18     0         0.86    
   0.00077   0.00076   0.0012   -1.1e-05  -6.6e-06  -3.3e-06   6e-18    -1.2e-17   0         0.86    
   0.00077   0.00076   0.0012   -1.1e-05  -6.6e-06  -3.3e-06  -6e-18    -1.2e-17   0         0.86    
   0.057     0.057     0.086    -0.00028  -0.00047  -0.00013   0         0         0         10      

QM
   0.18    
  -0.0018    0.23    
  -0.0086   -0.12      0.28    
  -0.0048   -0.027     0.065     0.026   
  -0.02      0.01     -0.0053    7.5e-05   0.0098  
  -0.00082  -0.0003    0.0018    0.00026  -0.00014   0.0033  
  -0.0018   -0.013     0.032     0.014    -0.0008    0.00016   0.18    
   0.0015    0.013    -0.032    -0.014     0.0008    0.0003              0.18    

M
     0:  0.18    
     0: -0.0018     1:  0.23    
     0: -0.0086     1: -0.12       2:  0.28    
     0: -0.0048     1: -0.027      2:  0.065      3:  0.026   
     0: -0.02       1:  0.01       2: -0.0053     3:  7.5e-05    4:  0.0098  
     0: -0.00082    1: -0.0003     2:  0.0018     3:  0.00026    4: -0.00014    5:  0.0033  
     0: -0.0018     1: -0.013      2:  0.032      3:  0.014      4: -0.0008     5:  0.00016    6:  0.18    
     0:  0.0015     1:  0.013      2: -0.032      3: -0.014      4:  0.0008     5:  0.0003     7:  0.18    

QLD
     0:  0.13    
     0:  0.058      1:  0.17    
     0: -0.067      1: -0.45       2:  0.11    
     0: -0.17       1: -1          2:  2.5        3:  0.024   
     0: -2          1:  1          2: -0.51       3:  0.021      4:  0.0098  
     0: -0.25       1: -0.094      2:  0.56       3:  0.084      4: -0.042      5:  0.0033  
     0: -0.01       1: -0.07       2:  0.18       3:  0.076      4: -0.0044     5:  0.0009     6:  0.18    
     0:  0.0083     1:  0.071      2: -0.18       3: -0.077      4:  0.0044     5:  0.0016     7:  0.18    

QLDIAGINV
   7.5     
   5.7     
   9.2     
   42      
   1e+02   
   3.1e+02 
   5.5     
   5.5     

M: inertia structure
----------
 x        |
 xx       |
 xxx      |
 xxxx     |
 xxxxx    |
 xxxxxx   |
 xxxxxxx  |
 xxxxxx x |
----------

iM: block-diagonal inertia (nnzs are island ids)
----------
 0        |
 00       |
 000      |
 0000     |
 00000    |
 000000   |
 0000000  |
 000000 0 |
----------

QH
     0:  0.15    
     0:  0.042      1:  0.18    
     0: -0.049      1: -0.44       2:  0.12    
     0: -0.17       1: -1          2:  2.4        3:  0.025   
     0: -1.7        1:  0.84       2: -0.42       3:  0.017      4:  0.012   
     0: -0.16       1: -0.058      2:  0.35       3:  0.052      4: -0.026      5:  0.0053  
     0: -0.01       1: -0.07       2:  0.18       3:  0.076      4: -0.0044     5:  0.0009     6:  0.18    
     0:  0.0076     1:  0.064      2: -0.16       3: -0.069      4:  0.0039     5:  0.0015     7:  0.2     

QHDIAGINV
   6.8     
   5.5     
   8.3     
   40      
   85      
   1.9e+02 
   5.5     
   5       

TREE_AWAKE
  1

BODY_AWAKE
  -1 -1 1 1 1 1 1 1 1 1 1 -1 -1 -1 -1 -1 -1

BODY_AWAKE_IND
  0 1 2 3 4 5 6 7 8 9 10 11 12 13 14 15 16

PARENT_AWAKE_IND
  1 2 3 4 5 6 7 8 9 10 11 12 13 14 15 16

DOF_AWAKE_IND
  0 1 2 3 4 5 6 7

QDERIV
     0: -2.5        1:  0          2:  0          3:  0          4:  0          5:  0          6:  0          7:  0       
     0:  0          1: -2.5        2:  0          3:  0          4:  0          5:  0          6:  0          7:  0       
     0:  0          1:  0          2: -2.5        3:  0          4:  0          5:  0          6:  0          7:  0       
     0:  0          1:  0          2:  0          3: -0.5        4:  0          5:  0          6:  0          7:  0       
     0:  0          1:  0          2:  0          3:  0          4: -1          5:  0          6:  0          7:  0       
     0:  0          1:  0          2:  0          3:  0          4:  0          5: -1          6:  0          7:  0       
     0:  0          1:  0          2:  0          3:  0          4:  0          5:  0          6:  0       
     0:  0          1:  0          2:  0          3:  0          4:  0          5:  0          7: -10      

CONTACT
  0:
     dim           3
     geoms         6 : 68
     exclude       0
     efc_address   9
     solref         0.02      1       
     solimp         0.9       0.95      0.001     0.5       2       
     dist          -0.0039  
     includemargin  0       
     pos           -0.02      0.0018    0.074   
     frame          0.011    -0.0013   -1         1.4e-05   1        -0.0013    1         0         0.011   
     friction       1         1         0.005     0.0001    0.0001  
     mu             1       
     force          1.7e+03  -38        2.7       0         0         0       
  1:
     dim           3
     geoms         6 : 70
     exclude       0
     efc_address   13
     solref         0.02      1       
     solimp         0.9       0.95      0.001     0.5       2       
     dist          -0.0024  
     includemargin  0       
     pos           -0.031     0.039     0.087   
     frame         -0.42      0.73     -0.54     -0.27      0.47      0.84      0.86      0.5       0       
     friction       1         1         0.005     0.0001    0.0001  
     mu             1       
     force          1e+03    -11       -90        0         0         0       
  2:
     dim           3
     geoms         6 : 74
     exclude       0
     efc_address   17
     solref         0.02      1       
     solimp         0.9       0.95      0.001     0.5       2       
     dist          -0.0027  
     includemargin  0       
     pos           -0.018     0.047     0.1     
     frame         -0.0092    1        -0.043    -0.0004    0.043     1         1         0.0092    5.4e-20 
     friction       1         1         0.005     0.0001    0.0001  
     mu             1       
     force          1.1e+03  -2.2      -89        0         0         0       
  3:
     dim           3
     geoms         6 : 76
     exclude       0
     efc_address   21
     solref         0.02      1       
     solimp         0.9       0.95      0.001     0.5       2       
     dist          -0.037   
     includemargin  0       
     pos           -0.033    -8.3e-05   0.1     
     frame         -0.98      0.11     -0.19      0.11      0.99      0.021     0.19      0        -0.98    
     friction       1         1         0.005     0.0001    0.0001  
     mu             1       
     force          1.6e+04  -62        2.7       0         0         0       
  4:
     dim           3
     geoms         6 : 77
     exclude       0
     efc_address   25
     solref         0.02      1       
     solimp         0.9       0.95      0.001     0.5       2       
     dist          -0.038   
     includemargin  0       
     pos           -0.021    -0.025     0.1     
     frame          0.017    -1        -0.021     0.00036  -0.021     1        -1        -0.017    -5.4e-20 
     friction       1         1         0.005     0.0001    0.0001  
     mu             1       
     force          1.7e+04   1.2      -46        0         0         0       
  5:
     dim           3
     geoms         6 : 80
     exclude       0
     efc_address   29
     solref         0.02      1       
     solimp         0.9       0.95      0.001     0.5       2       
     dist          -0.029   
     includemargin  0       
     pos           -0.0019    0.017     0.1     
     frame          1        -0.025    -0.014     0.025     1        -0.00035   0.014     0         1       
     friction       1         1         0.005     0.0001    0.0001  
     mu             1       
     force          1.3e+04  -4.4       3         0         0         0       
  6:
     dim           3
     geoms         6 : 86
     exclude       0
     efc_address   33
     solref         0.02      1       
     solimp         0.9       0.95      0.001     0.5       2       
     dist          -0.0069  
     includemargin  0       
     pos           -0.049    -0.011     0.1     
     frame         -1         0.059     0.0043    0.059     1        -0.00025  -0.0043   -5.4e-20  -1       
     friction       1         1         0.005     0.0001    0.0001  
     mu             1       
     force          3e+03    -91        5.8       0         0         0       
  7:
     dim           3
     geoms         6 : 91
     exclude       0
     efc_address   37
     solref         0.02      1       
     solimp         0.9       0.95      0.001     0.5       2       
     dist          -0.016   
     includemargin  0       
     pos           -0.018     0.017     0.08    
     frame          0.0071    0.0079   -1        -5.6e-05   1         0.0079    1        -6.8e-21   0.0071  
     friction       1         1         0.005     0.0001    0.0001  
     mu             1       
     force          6.8e+03  -35       -28        0         0         0       
  8:
     dim           3
     geoms         6 : 92
     exclude       0
     efc_address   41
     solref         0.02      1       
     solimp         0.9       0.95      0.001     0.5       2       
     dist          -0.012   
     includemargin  0       
     pos           -0.034     0.0095    0.083   
     frame         -0.58      0.065    -0.81      0.038     1         0.053     0.81      0        -0.58    
     friction       1         1         0.005     0.0001    0.0001  
     mu             1       
     force          5.2e+03  -65       -9.3       0         0         0       
  9:
     dim           3
     geoms         6 : 93
     exclude       0
     efc_address   45
     solref         0.02      1       
     solimp         0.9       0.95      0.001     0.5       2       
     dist          -0.016   
     includemargin  0       
     pos           -0.02      0.0034    0.08    
     frame          0.0088   -0.00099  -1         8.7e-06   1        -0.00099   1        -1.7e-21   0.0088  
     friction       1         1         0.005     0.0001    0.0001  
     mu             1       
     force          6.8e+03  -38       -1.5       0         0         0       
  10:
     dim           3
     geoms         6 : 94
     exclude       0
     efc_address   49
     solref         0.02      1       
     solimp         0.9       0.95      0.001     0.5       2       
     dist          -0.0033  
     includemargin  0       
     pos           -0.045    -0.006     0.087   
     frame         -0.82      0.093    -0.56      0.077     1         0.052     0.56     -6.9e-18  -0.83    
     friction       1         1         0.005     0.0001    0.0001  
     mu             1       
     force          1.4e+03  -85        13        0         0         0       
  11:
     dim           3
     geoms         6 : 104
     exclude       0
     efc_address   53
     solref         0.02      1       
     solimp         0.9       0.95      0.001     0.5       2       
     dist          -0.0076  
     includemargin  0       
     pos            0.009     0.017     0.1     
     frame          1         0.0026    0.031    -0.0026    1        -8.2e-05  -0.031     0         1       
     friction       1         1         0.005     0.0001    0.0001  
     mu             1       
     force          3.3e+03   17        6.8       0         0         0       
  12:
     dim           3
     geoms         6 : 114
     exclude       0
     efc_address   57
     solref         0.02      1       
     solimp         0.9       0.95      0.001     0.5       2       
     dist          -0.0065  
     includemargin  0       
     pos            0.0088    0.0089    0.1     
     frame          0.99     -0.11     -0.034     0.11      0.99     -0.0039    0.034    -4.3e-19   1       
     friction       1         1         0.005     0.0001    0.0001  
     mu             1       
     force          2.8e+03   15        5.3       0         0         0       

EFC_TYPE
  0
  1
  1
  1
  1
  1
  1
  1
  1
  6
  6
  6
  6
  6
  6
  6
  6
  6
  6
  6
  6
  6
  6
  6
  6
  6
  6
  6
  6
  6
  6
  6
  6
  6
  6
  6
  6
  6
  6
  6
  6
  6
  6
  6
  6
  6
  6
  6
  6
  6
  6
  6
  6
  6
  6
  6
  6
  6
  6
  6
  6

EFC_ID
  0
  0
  1
  2
  3
  4
  5
  6
  7
  0
  0
  0
  0
  1
  1
  1
  1
  2
  2
  2
  2
  3
  3
  3
  3
  4
  4
  4
  4
  5
  5
  5
  5
  6
  6
  6
  6
  7
  7
  7
  7
  8
  8
  8
  8
  9
  9
  9
  9
  10
  10
  10
  10
  11
  11
  11
  11
  12
  12
  12
  12

EFC_J
   0         0         0         0         0         0         1        -1       
   1         0         0         0         0         0         0         0       
   0         1         0         0         0         0         0         0       
   0         0         1         0         0         0         0         0       
   0         0         0         1         0         0         0         0       
   0         0         0         0         1         0         0         0       
   0         0         0         0         0         1         0         0       
   0         0         0         0         0         0         1         0       
   0         0         0         0         0         0         0         1       
   0.02      0.0033    0         0         0         0         0         0       
  -0.02     -0.0033    0         0         0         0         0         0       
   0.0018   -0.029     0         0         0         0         0         0       
  -0.0018    0.029     0         0         0         0         0         0       
   0.0098    0.018     0         0         0         0         0         0       
   0.0021   -0.018     0         0         0         0         0         0       
   0.055    -0.013     0         0         0         0         0         0       
  -0.043     0.013     0         0         0         0         0         0       
   0.019     0.0036    0         0         0         0         0         0       
   0.017    -0.0036    0         0         0         0         0         0       
   0.065    -0.0013    0         0         0         0         0         0       
  -0.029     0.0013    0         0         0         0         0         0       
   0.036     0.00026   0         0         0         0         0         0       
  -0.029    -0.00027   0         0         0         0         0         0       
   0.0037   -0.013     0         0         0         0         0         0       
   0.0037    0.013     0         0         0         0         0         0       
  -0.022    -0.0015    0         0         0         0         0         0       
  -0.021     0.0015    0         0         0         0         0         0       
   0.0024    0.00028   0         0         0         0         0         0       
  -0.046    -0.00029   0         0         0         0         0         0       
   0.019     2.6e-05   0         0         0         0         0         0       
   0.014    -2.6e-05   0         0         0         0         0         0       
   0.017    -0.016     0         0         0         0         0         0       
   0.016     0.016     0         0         0         0         0         0       
   0.062    -1.3e-05   0         0         0         0         0         0       
  -0.034     1.3e-05   0         0         0         0         0         0       
   0.014    -0.027     0         0         0         0         0         0       
   0.014     0.027     0         0         0         0         0         0       
   0.018     0.0026    0         0         0         0         0         0       
  -0.018    -0.0026    0         0         0         0         0         0       
   0.018    -0.023     0         0         0         0         0         0       
  -0.017     0.023     0         0         0         0         0         0       
   0.031     0.0023    0         0         0         0         0         0       
  -0.037    -0.0023    0         0         0         0         0         0       
   0.0044   -0.025     0         0         0         0         0         0       
  -0.011     0.025     0         0         0         0         0         0       
   0.02      0.0026    0         0         0         0         0         0       
  -0.02     -0.0026    0         0         0         0         0         0       
   0.0034   -0.023     0         0         0         0         0         0       
  -0.0034    0.023     0         0         0         0         0         0       
   0.054     0.0019    0         0         0         0         0         0       
  -0.035    -0.0019    0         0         0         0         0         0       
   0.0058   -0.029     0         0         0         0         0         0       
   0.013     0.029     0         0         0         0         0         0       
   0.0082   -9.6e-05   0         0         0         0         0         0       
   0.026     9.6e-05   0         0         0         0         0         0       
   0.017    -0.027     0         0         0         0         0         0       
   0.018     0.027     0         0         0         0         0         0       
   0.0021    0.00011   0         0         0         0         0         0       
   0.018    -0.00011   0         0         0         0         0         0       
   0.01     -0.028     0         0         0         0         0         0       
   0.0095    0.028     0         0         0         0         0         0       

IEFC_J
   0         0         0         0         0         0         1        -1       
   1         0         0         0         0         0         0         0       
   0         1         0         0         0         0         0         0       
   0         0         1         0         0         0         0         0       
   0         0         0         1         0         0         0         0       
   0         0         0         0         1         0         0         0       
   0         0         0         0         0         1         0         0       
   0         0         0         0         0         0         1         0       
   0         0         0         0         0         0         0         1       
   0.02      0.0033    0         0         0         0         0         0       
  -0.02     -0.0033    0         0         0         0         0         0       
   0.0018   -0.029     0         0         0         0         0         0       
  -0.0018    0.029     0         0         0         0         0         0       
   0.0098    0.018     0         0         0         0         0         0       
   0.0021   -0.018     0         0         0         0         0         0       
   0.055    -0.013     0         0         0         0         0         0       
  -0.043     0.013     0         0         0         0         0         0       
   0.019     0.0036    0         0         0         0         0         0       
   0.017    -0.0036    0         0         0         0         0         0       
   0.065    -0.0013    0         0         0         0         0         0       
  -0.029     0.0013    0         0         0         0         0         0       
   0.036     0.00026   0         0         0         0         0         0       
  -0.029    -0.00027   0         0         0         0         0         0       
   0.0037   -0.013     0         0         0         0         0         0       
   0.0037    0.013     0         0         0         0         0         0       
  -0.022    -0.0015    0         0         0         0         0         0       
  -0.021     0.0015    0         0         0         0         0         0       
   0.0024    0.00028   0         0         0         0         0         0       
  -0.046    -0.00029   0         0         0         0         0         0       
   0.019     2.6e-05   0         0         0         0         0         0       
   0.014    -2.6e-05   0         0         0         0         0         0       
   0.017    -0.016     0         0         0         0         0         0       
   0.016     0.016     0         0         0         0         0         0       
   0.062    -1.3e-05   0         0         0         0         0         0       
  -0.034     1.3e-05   0         0         0         0         0         0       
   0.014    -0.027     0         0         0         0         0         0       
   0.014     0.027     0         0         0         0         0         0       
   0.018     0.0026    0         0         0         0         0         0       
  -0.018    -0.0026    0         0         0         0         0         0       
   0.018    -0.023     0         0         0         0         0         0       
  -0.017     0.023     0         0         0         0         0         0       
   0.031     0.0023    0         0         0         0         0         0       
  -0.037    -0.0023    0         0         0         0         0         0       
   0.0044   -0.025     0         0         0         0         0         0       
  -0.011     0.025     0         0         0         0         0         0       
   0.02      0.0026    0         0         0         0         0         0       
  -0.02     -0.0026    0         0         0         0         0         0       
   0.0034   -0.023     0         0         0         0         0         0       
  -0.0034    0.023     0         0         0         0         0         0       
   0.054     0.0019    0         0         0         0         0         0       
  -0.035    -0.0019    0         0         0         0         0         0       
   0.0058   -0.029     0         0         0         0         0         0       
   0.013     0.029     0         0         0         0         0         0       
   0.0082   -9.6e-05   0         0         0         0         0         0       
   0.026     9.6e-05   0         0         0         0         0         0       
   0.017    -0.027     0         0         0         0         0         0       
   0.018     0.027     0         0         0         0         0         0       
   0.0021    0.00011   0         0         0         0         0         0       
   0.018    -0.00011   0         0         0         0         0         0       
   0.01     -0.028     0         0         0         0         0         0       
   0.0095    0.028     0         0         0         0         0         0       

EFC_POS
  -0.00024 
   0       
   0       
   0       
   0       
   0       
   0       
   0       
   0       
  -0.0039  
  -0.0039  
  -0.0039  
  -0.0039  
  -0.0024  
  -0.0024  
  -0.0024  
  -0.0024  
  -0.0027  
  -0.0027  
  -0.0027  
  -0.0027  
  -0.037   
  -0.037   
  -0.037   
  -0.037   
  -0.038   
  -0.038   
  -0.038   
  -0.038   
  -0.029   
  -0.029   
  -0.029   
  -0.029   
  -0.0069  
  -0.0069  
  -0.0069  
  -0.0069  
  -0.016   
  -0.016   
  -0.016   
  -0.016   
  -0.012   
  -0.012   
  -0.012   
  -0.012   
  -0.016   
  -0.016   
  -0.016   
  -0.016   
  -0.0033  
  -0.0033  
  -0.0033  
  -0.0033  
  -0.0076  
  -0.0076  
  -0.0076  
  -0.0076  
  -0.0065  
  -0.0065  
  -0.0065  
  -0.0065  

EFC_MARGIN
   0       
   0       
   0       
   0       
   0       
   0       
   0       
   0       
   0       
   0       
   0       
   0       
   0       
   0       
   0       
   0       
   0       
   0       
   0       
   0       
   0       
   0       
   0       
   0       
   0       
   0       
   0       
   0       
   0       
   0       
   0       
   0       
   0       
   0       
   0       
   0       
   0       
   0       
   0       
   0       
   0       
   0       
   0       
   0       
   0       
   0       
   0       
   0       
   0       
   0       
   0       
   0       
   0       
   0       
   0       
   0       
   0       
   0       
   0       
   0       
   0       

EFC_FRICTIONLOSS
   0       
   0.1     
   0.1     
   0.1     
   0.1     
   0.1     
   0.1     
   0.1     
   0.1     
   0       
   0       
   0       
   0       
   0       
   0       
   0       
   0       
   0       
   0       
   0       
   0       
   0       
   0       
   0       
   0       
   0       
   0       
   0       
   0       
   0       
   0       
   0       
   0       
   0       
   0       
   0       
   0       
   0       
   0       
   0       
   0       
   0       
   0       
   0       
   0       
   0       
   0       
   0       
   0       
   0       
   0       
   0       
   0       
   0       
   0       
   0       
   0       
   0       
   0       
   0       
   0       

EFC_DIAGAPPROX
   12      
   12      
   11      
   10      
   1.1e+02 
   1.3e+02 
   3.2e+02 
   5.8     
   5.8     
   0.46    
   0.46    
   0.46    
   0.46    
   0.46    
   0.46    
   0.46    
   0.46    
   0.46    
   0.46    
   0.46    
   0.46    
   0.46    
   0.46    
   0.46    
   0.46    
   0.46    
   0.46    
   0.46    
   0.46    
   0.46    
   0.46    
   0.46    
   0.46    
   0.46    
   0.46    
   0.46    
   0.46    
   0.46    
   0.46    
   0.46    
   0.46    
   0.46    
   0.46    
   0.46    
   0.46    
   0.46    
   0.46    
   0.46    
   0.46    
   0.46    
   0.46    
   0.46    
   0.46    
   0.46    
   0.46    
   0.46    
   0.46    
   0.46    
   0.46    
   0.46    
   0.46    

EFC_KBIP
   2.8e+03   1.1e+02   0.91     -48      
   0         1.1e+02   0.9       0       
   0         1.1e+02   0.9       0       
   0         1.1e+02   0.9       0       
   0         1.1e+02   0.9       0       
   0         1.1e+02   0.9       0       
   0         1.1e+02   0.9       0       
   0         1.1e+02   0.9       0       
   0         1.1e+02   0.9       0       
   2.8e+03   1.1e+02   0.95      0       
   2.8e+03   1.1e+02   0.95      0       
   2.8e+03   1.1e+02   0.95      0       
   2.8e+03   1.1e+02   0.95      0       
   2.8e+03   1.1e+02   0.95      0       
   2.8e+03   1.1e+02   0.95      0       
   2.8e+03   1.1e+02   0.95      0       
   2.8e+03   1.1e+02   0.95      0       
   2.8e+03   1.1e+02   0.95      0       
   2.8e+03   1.1e+02   0.95      0       
   2.8e+03   1.1e+02   0.95      0       
   2.8e+03   1.1e+02   0.95      0       
   2.8e+03   1.1e+02   0.95      0       
   2.8e+03   1.1e+02   0.95      0       
   2.8e+03   1.1e+02   0.95      0       
   2.8e+03   1.1e+02   0.95      0       
   2.8e+03   1.1e+02   0.95      0       
   2.8e+03   1.1e+02   0.95      0       
   2.8e+03   1.1e+02   0.95      0       
   2.8e+03   1.1e+02   0.95      0       
   2.8e+03   1.1e+02   0.95      0       
   2.8e+03   1.1e+02   0.95      0       
   2.8e+03   1.1e+02   0.95      0       
   2.8e+03   1.1e+02   0.95      0       
   2.8e+03   1.1e+02   0.95      0       
   2.8e+03   1.1e+02   0.95      0       
   2.8e+03   1.1e+02   0.95      0       
   2.8e+03   1.1e+02   0.95      0       
   2.8e+03   1.1e+02   0.95      0       
   2.8e+03   1.1e+02   0.95      0       
   2.8e+03   1.1e+02   0.95      0       
   2.8e+03   1.1e+02   0.95      0       
   2.8e+03   1.1e+02   0.95      0       
   2.8e+03   1.1e+02   0.95      0       
   2.8e+03   1.1e+02   0.95      0       
   2.8e+03   1.1e+02   0.95      0       
   2.8e+03   1.1e+02   0.95      0       
   2.8e+03   1.1e+02   0.95      0       
   2.8e+03   1.1e+02   0.95      0       
   2.8e+03   1.1e+02   0.95      0       
   2.8e+03   1.1e+02   0.95      0       
   2.8e+03   1.1e+02   0.95      0       
   2.8e+03   1.1e+02   0.95      0       
   2.8e+03   1.1e+02   0.95      0       
   2.8e+03   1.1e+02   0.95      0       
   2.8e+03   1.1e+02   0.95      0       
   2.8e+03   1.1e+02   0.95      0       
   2.8e+03   1.1e+02   0.95      0       
   2.8e+03   1.1e+02   0.95      0       
   2.8e+03   1.1e+02   0.95      0       
   2.8e+03   1.1e+02   0.95      0       
   2.8e+03   1.1e+02   0.95      0       

EFC_D
   0.82    
   0.73    
   0.81    
   0.9     
   0.085   
   0.068   
   0.028   
   1.5     
   1.5     
   41      
   41      
   41      
   41      
   41      
   41      
   41      
   41      
   41      
   41      
   41      
   41      
   41      
   41      
   41      
   41      
   41      
   41      
   41      
   41      
   41      
   41      
   41      
   41      
   41      
   41      
   41      
   41      
   41      
   41      
   41      
   41      
   41      
   41      
   41      
   41      
   41      
   41      
   41      
   41      
   41      
   41      
   41      
   41      
   41      
   41      
   41      
   41      
   41      
   41      
   41      
   41      

EFC_R
   1.2     
   1.4     
   1.2     
   1.1     
   12      
   15      
   35      
   0.65    
   0.65    
   0.024   
   0.024   
   0.024   
   0.024   
   0.024   
   0.024   
   0.024   
   0.024   
   0.024   
   0.024   
   0.024   
   0.024   
   0.024   
   0.024   
   0.024   
   0.024   
   0.024   
   0.024   
   0.024   
   0.024   
   0.024   
   0.024   
   0.024   
   0.024   
   0.024   
   0.024   
   0.024   
   0.024   
   0.024   
   0.024   
   0.024   
   0.024   
   0.024   
   0.024   
   0.024   
   0.024   
   0.024   
   0.024   
   0.024   
   0.024   
   0.024   
   0.024   
   0.024   
   0.024   
   0.024   
   0.024   
   0.024   
   0.024   
   0.024   
   0.024   
   0.024   
   0.024   

ACTUATOR_VELOCITY
   0.022   
   0.0088  
  -0.0049  
   0.023   
   0.0086  
  -0.42    
   5.2e-05 

CVEL
   0         0         0         0         0         0       
   0         0         0         0         0         0       
   0         0         0.022    -0.00011  -0.0028    0       
  -0.00099  -0.0088    0.022    -0.00097  -0.0027   -0.00094 
  -0.0015   -0.014     0.022    -0.0002   -0.0028   -0.0018  
   0.001     0.0092    0.022    -0.0017   -0.0026   -0.0032  
   0.0077    0.0084    0.017    -0.0018   -0.0031   -0.0033  
   0.26      0.19      0.3       0.0016    0.03     -0.027   
   0.26      0.19      0.3       0.0018    0.03     -0.027   
   0.26      0.19      0.3       0.0017    0.03     -0.027   
   0.26      0.19      0.3       0.0016    0.03     -0.027   
   0         0         0         0         0         0       
   0         0         0         0         0         0       
   0         0         0         0         0         0       
   0         0         0         0         0         0       
   0         0         0         0         0         0       
   0         0         0         0         0         0       

CDOF_DOT
   0         0         0         0         0         0       
   0.022    -0.0025    0        -0.00025  -0.0022   -0.00021 
  -0.022     0.0025    2.2e-19  -0.00098  -0.0034   -0.002   
  -0.022     0.0025    2.2e-19   0.0025   -0.0018   -0.00081 
  -0.0038    0.018    -0.0072    0.0025   -0.0038    0.0022  
   0.0014   -0.0049    0.0018    0.0025    0.00016  -0.0016  
   0         0         0         0.12     -0.4       0.14    
   0         0         0        -0.12      0.4      -0.14    

QFRC_BIAS
  -0.00031 
  -4.5     
   6.4     
   1.3     
  -0.33    
   0.047   
   0.53    
  -0.53    

QFRC_SPRING
   0       
   0       
   0       
   0       
   0       
   0       
   0       
   0       

QFRC_DAMPER
   0       
   0       
   0       
   0       
   0       
   0       
   0       
   0       

QFRC_GRAVCOMP
   0       
   0       
   0       
   0       
   0       
   0       
   0       
   0       

QFRC_FLUID
   0       
   0       
   0       
   0       
   0       
   0       
   0       
   0       

QFRC_PASSIVE
   0       
   0       
   0       
   0       
   0       
   0       
   0       
   0       

EFC_VEL
  -0.00031 
   0.022   
   0.0088  
  -0.0049  
   0.023   
   0.0086  
  -0.42    
  -0.00025 
   5.2e-05 
   0.00046 
  -0.00046 
  -0.00021 
   0.00021 
   0.00038 
  -0.00011 
   0.0011  
  -0.00084 
   0.00045 
   0.00035 
   0.0014  
  -0.00063 
   0.00081 
  -0.00064 
  -3e-05   
   0.00019 
  -0.00051 
  -0.00046 
   5.6e-05 
  -0.001   
   0.00042 
   0.00032 
   0.00023 
   0.00051 
   0.0014  
  -0.00077 
   6.8e-05 
   0.00055 
   0.00043 
  -0.00042 
   0.00019 
  -0.00018 
   0.0007  
  -0.00085 
  -0.00012 
  -2.5e-05 
   0.00046 
  -0.00046 
  -0.00013 
   0.00013 
   0.0012  
  -0.0008  
  -0.00013 
   0.00054 
   0.00018 
   0.00058 
   0.00013 
   0.00063 
   4.7e-05 
   0.00039 
  -2e-05   
   0.00046 

EFC_AREF
   0.63    
  -2.3     
  -0.93    
   0.52    
  -2.4     
  -0.91    
   44      
   0.027   
  -0.0055  
   10      
   10      
   10      
   10      
   6.2     
   6.2     
   6.1     
   6.3     
   6.9     
   6.9     
   6.8     
   7.1     
   96      
   97      
   97      
   97      
   1e+02   
   1e+02   
   1e+02   
   1e+02   
   77      
   77      
   77      
   77      
   18      
   18      
   18      
   18      
   41      
   41      
   41      
   41      
   31      
   31      
   31      
   31      
   41      
   41      
   41      
   41      
   8.6     
   8.8     
   8.8     
   8.7     
   20      
   20      
   20      
   20      
   17      
   17      
   17      
   17      

SUBTREE_LINVEL
   0         0         0       
   0         0         0       
   0         0         0       
   0         0         0       
   0         0         0       
   0         0         0       
   0         0         0       
   0         0         0       
   0         0         0       
   0         0         0       
   0         0         0       
   0         0         0       
   0         0         0       
   0         0         0       
   0         0         0       
   0         0         0       
   0         0         0       

SUBTREE_ANGMOM
   0         0         0       
   0         0         0       
   0         0         0       
   0         0         0       
   0         0         0       
   0         0         0       
   0         0         0       
   0         0         0       
   0         0         0       
   0         0         0       
   0         0         0       
   0         0         0       
   0         0         0       
   0         0         0       
   0         0         0       
   0         0         0       
   0         0         0       

ACTUATOR_FORCE
  -27      
  -3.9     
   6.4     
   1.4     
  -0.26    
  -0.031   
  -0.042   

QFRC_ACTUATOR
  -27      
  -3.9     
   6.4     
   1.4     
  -0.26    
  -0.031   
   0       
  -0.042   

QFRC_SMOOTH
  -27      
   0.61    
   0.026   
   0.091   
   0.069   
  -0.078   
  -0.53    
   0.48    

QACC_SMOOTH
  -2e+02   
   15      
  -8.1     
   9.3     
  -4.2e+02 
  -87      
  -4.9     
   4.5     

EFC_B
  -10      
  -2e+02   
   15      
  -9       
   11      
  -4.2e+02 
  -1.3e+02 
  -4.9     
   4.5     
  -14      
  -6.4     
  -11      
  -9.5     
  -7.9     
  -6.9     
  -18      
   2.8     
  -11      
  -11      
  -20      
  -1.1     
  -1e+02   
  -91      
  -98      
  -97      
  -96      
  -96      
  -1e+02   
  -91      
  -81      
  -80      
  -81      
  -81      
  -31      
  -11      
  -22      
  -21      
  -45      
  -38      
  -45      
  -37      
  -38      
  -24      
  -33      
  -29      
  -45      
  -37      
  -42      
  -40      
  -20      
  -1.6     
  -10      
  -11      
  -22      
  -25      
  -24      
  -23      
  -17      
  -21      
  -19      
  -18      

EFC_FORCE
   0.48    
  -0.1     
  -0.1     
  -0.1     
  -0.1     
  -0.1     
   0.1     
   0.015   
   0.024   
   4.1e+02 
   4.5e+02 
   4.3e+02 
   4.3e+02 
   2.4e+02 
   2.6e+02 
   2.1e+02 
   3e+02   
   2.7e+02 
   2.7e+02 
   2.3e+02 
   3.2e+02 
   4e+03   
   4e+03   
   4e+03   
   4e+03   
   4.2e+03 
   4.2e+03 
   4.1e+03 
   4.2e+03 
   3.2e+03 
   3.2e+03 
   3.2e+03 
   3.2e+03 
   7e+02   
   7.9e+02 
   7.5e+02 
   7.4e+02 
   1.7e+03 
   1.7e+03 
   1.7e+03 
   1.7e+03 
   1.3e+03 
   1.3e+03 
   1.3e+03 
   1.3e+03 
   1.7e+03 
   1.7e+03 
   1.7e+03 
   1.7e+03 
   3.1e+02 
   4e+02   
   3.6e+02 
   3.5e+02 
   8.2e+02 
   8e+02   
   8.2e+02 
   8.1e+02 
   7e+02   
   6.9e+02 
   7e+02   
   6.9e+02 

EFC_STATE
  1
  2
  3
  2
  3
  2
  2
  2
  3
  1
  1
  1
  1
  1
  1
  1
  0
  1
  1
  1
  1
  1
  1
  1
  1
  1
  1
  1
  1
  1
  1
  1
  1
  1
  1
  1
  1
  1
  1
  1
  1
  1
  1
  1
  1
  1
  1
  1
  1
  1
  1
  1
  1
  1
  1
  1
  1
  1
  1
  1
  1

QFRC_CONSTRAINT
   31      
   0.047   
  -0.1     
  -0.1     
  -0.1     
   0.1     
   0.5     
  -0.46    

QFRC_INVERSE
   0       
   0       
   0       
   0       
   0       
   0       
   0       
   0       

CACC
   0         0         0         0         0         0       
   0         0         0         0         0         0       
   0         0         0         0         0         0       
   0         0         0         0         0         0       
   0         0         0         0         0         0       
   0         0         0         0         0         0       
   0         0         0         0         0         0       
   0         0         0         0         0         0       
   0         0         0         0         0         0       
   0         0         0         0         0         0       
   0         0         0         0         0         0       
   0         0         0         0         0         0       
   0         0         0         0         0         0       
   0         0         0         0         0         0       
   0         0         0         0         0         0       
   0         0         0         0         0         0       
   0         0         0         0         0         0       

CFRC_INT
   0         0         0         0         0         0       
   0         0         0         0         0         0       
   0         0         0         0         0         0       
   0         0         0         0         0         0       
   0         0         0         0         0         0       
   0         0         0         0         0         0       
   0         0         0         0         0         0       
   0         0         0         0         0         0       
   0         0         0         0         0         0       
   0         0         0         0         0         0       
   0         0         0         0         0         0       
   0         0         0         0         0         0       
   0         0         0         0         0         0       
   0         0         0         0         0         0       
   0         0         0         0         0         0       
   0         0         0         0         0         0       
   0         0         0         0         0         0       

CFRC_EXT
   0         0         0         0         0         0       
   0         0         0         0         0         0       
   0         0         0         0         0         0       
   0         0         0         0         0         0       
   0         0         0         0         0         0       
   0         0         0         0         0         0       
   0         0         0         0         0         0       
   0         0         0         0         0         0       
   0         0         0         0         0         0       
   0         0         0         0         0         0       
   0         0         0         0         0         0       
   0         0         0         0         0         0       
   0         0         0         0         0         0       
   0         0         0         0         0         0       
   0         0         0         0         0         0       
   0         0         0         0         0         0       
   0         0         0         0         0         0       

TREE_ISLAND
  0

ISLAND_NTREE
  1

ISLAND_ITREEADR
  0

MAP_ITREE2TREE
  0

DOF_ISLAND            0 0 0 0 0 0 0 0

ISLAND_NV             8

ISLAND_IDOFADR        0

MAP_IDOF2DOF          0 1 2 3 4 5 6 7

EFC_ISLAND            0 0 0 0 0 0 0 0 0 0 0 0 0 0 0 0 0 0 0 0 0 0 0 0 0 0 0 0 0 0 0 0 0 0 0 0 0 0 0 0 0 0 0 0 0 0 0 0 0 0 0 0 0 0 0 0 0 0 0 0 0

ISLAND_NEFC           61

ISLAND_IEFCADR        0

MAP_IEFC2EFC          0 1 2 3 4 5 6 7 8 9 10 11 12 13 14 15 16 17 18 19 20 21 22 23 24 25 26 27 28 29 30 31 32 33 34 35 36 37 38 39 40 41 42 43 44 45 46 47 48 49 50 51 52 53 54 55 56 57 58 59 60

